{
 "cells": [
  {
   "cell_type": "markdown",
   "metadata": {},
   "source": [
    "# Performing Principal Component Analysis (PCA) - Lab\n",
    "\n",
    "## Introduction\n",
    "\n",
    "Now that you have a high-level overview of PCA, as well as some of the details of the algorithm itself, it's time to practice implementing PCA on your own using the NumPy package. \n",
    "\n",
    "## Objectives\n",
    "\n",
    "You will be able to:\n",
    "    \n",
    "* Implement PCA from scratch using NumPy"
   ]
  },
  {
   "cell_type": "markdown",
   "metadata": {},
   "source": [
    "## Import the data\n",
    "\n",
    "- Import the data stored in the file `'foodusa.csv'` (set `index_col=0`)\n",
    "- Print the first five rows of the DataFrame "
   ]
  },
  {
   "cell_type": "code",
   "execution_count": 3,
   "metadata": {
    "ExecuteTime": {
     "end_time": "2020-10-08T15:53:21.237794Z",
     "start_time": "2020-10-08T15:53:21.222467Z"
    }
   },
   "outputs": [
    {
     "data": {
      "text/html": [
       "<div>\n",
       "<style scoped>\n",
       "    .dataframe tbody tr th:only-of-type {\n",
       "        vertical-align: middle;\n",
       "    }\n",
       "\n",
       "    .dataframe tbody tr th {\n",
       "        vertical-align: top;\n",
       "    }\n",
       "\n",
       "    .dataframe thead th {\n",
       "        text-align: right;\n",
       "    }\n",
       "</style>\n",
       "<table border=\"1\" class=\"dataframe\">\n",
       "  <thead>\n",
       "    <tr style=\"text-align: right;\">\n",
       "      <th></th>\n",
       "      <th>City</th>\n",
       "      <th>Bread</th>\n",
       "      <th>Burger</th>\n",
       "      <th>Milk</th>\n",
       "      <th>Oranges</th>\n",
       "      <th>Tomatoes</th>\n",
       "    </tr>\n",
       "  </thead>\n",
       "  <tbody>\n",
       "    <tr>\n",
       "      <td>0</td>\n",
       "      <td>ATLANTA</td>\n",
       "      <td>24.5</td>\n",
       "      <td>94.5</td>\n",
       "      <td>73.9</td>\n",
       "      <td>80.1</td>\n",
       "      <td>41.6</td>\n",
       "    </tr>\n",
       "    <tr>\n",
       "      <td>1</td>\n",
       "      <td>BALTIMORE</td>\n",
       "      <td>26.5</td>\n",
       "      <td>91.0</td>\n",
       "      <td>67.5</td>\n",
       "      <td>74.6</td>\n",
       "      <td>53.3</td>\n",
       "    </tr>\n",
       "    <tr>\n",
       "      <td>2</td>\n",
       "      <td>BOSTON</td>\n",
       "      <td>29.7</td>\n",
       "      <td>100.8</td>\n",
       "      <td>61.4</td>\n",
       "      <td>104.0</td>\n",
       "      <td>59.6</td>\n",
       "    </tr>\n",
       "    <tr>\n",
       "      <td>3</td>\n",
       "      <td>BUFFALO</td>\n",
       "      <td>22.8</td>\n",
       "      <td>86.6</td>\n",
       "      <td>65.3</td>\n",
       "      <td>118.4</td>\n",
       "      <td>51.2</td>\n",
       "    </tr>\n",
       "    <tr>\n",
       "      <td>4</td>\n",
       "      <td>CHICAGO</td>\n",
       "      <td>26.7</td>\n",
       "      <td>86.7</td>\n",
       "      <td>62.7</td>\n",
       "      <td>105.9</td>\n",
       "      <td>51.2</td>\n",
       "    </tr>\n",
       "  </tbody>\n",
       "</table>\n",
       "</div>"
      ],
      "text/plain": [
       "        City  Bread  Burger  Milk  Oranges  Tomatoes\n",
       "0    ATLANTA   24.5    94.5  73.9     80.1      41.6\n",
       "1  BALTIMORE   26.5    91.0  67.5     74.6      53.3\n",
       "2     BOSTON   29.7   100.8  61.4    104.0      59.6\n",
       "3    BUFFALO   22.8    86.6  65.3    118.4      51.2\n",
       "4    CHICAGO   26.7    86.7  62.7    105.9      51.2"
      ]
     },
     "execution_count": 3,
     "metadata": {},
     "output_type": "execute_result"
    }
   ],
   "source": [
    "import pandas as pd\n",
    "data = pd.read_csv('foodusa.csv')\n",
    "\n",
    "data.head()"
   ]
  },
  {
   "cell_type": "code",
   "execution_count": 4,
   "metadata": {
    "ExecuteTime": {
     "end_time": "2020-10-08T15:53:29.415307Z",
     "start_time": "2020-10-08T15:53:29.396344Z"
    }
   },
   "outputs": [
    {
     "data": {
      "text/html": [
       "<div>\n",
       "<style scoped>\n",
       "    .dataframe tbody tr th:only-of-type {\n",
       "        vertical-align: middle;\n",
       "    }\n",
       "\n",
       "    .dataframe tbody tr th {\n",
       "        vertical-align: top;\n",
       "    }\n",
       "\n",
       "    .dataframe thead th {\n",
       "        text-align: right;\n",
       "    }\n",
       "</style>\n",
       "<table border=\"1\" class=\"dataframe\">\n",
       "  <thead>\n",
       "    <tr style=\"text-align: right;\">\n",
       "      <th></th>\n",
       "      <th>Bread</th>\n",
       "      <th>Burger</th>\n",
       "      <th>Milk</th>\n",
       "      <th>Oranges</th>\n",
       "      <th>Tomatoes</th>\n",
       "    </tr>\n",
       "    <tr>\n",
       "      <th>City</th>\n",
       "      <th></th>\n",
       "      <th></th>\n",
       "      <th></th>\n",
       "      <th></th>\n",
       "      <th></th>\n",
       "    </tr>\n",
       "  </thead>\n",
       "  <tbody>\n",
       "    <tr>\n",
       "      <td>ATLANTA</td>\n",
       "      <td>24.5</td>\n",
       "      <td>94.5</td>\n",
       "      <td>73.9</td>\n",
       "      <td>80.1</td>\n",
       "      <td>41.6</td>\n",
       "    </tr>\n",
       "    <tr>\n",
       "      <td>BALTIMORE</td>\n",
       "      <td>26.5</td>\n",
       "      <td>91.0</td>\n",
       "      <td>67.5</td>\n",
       "      <td>74.6</td>\n",
       "      <td>53.3</td>\n",
       "    </tr>\n",
       "    <tr>\n",
       "      <td>BOSTON</td>\n",
       "      <td>29.7</td>\n",
       "      <td>100.8</td>\n",
       "      <td>61.4</td>\n",
       "      <td>104.0</td>\n",
       "      <td>59.6</td>\n",
       "    </tr>\n",
       "    <tr>\n",
       "      <td>BUFFALO</td>\n",
       "      <td>22.8</td>\n",
       "      <td>86.6</td>\n",
       "      <td>65.3</td>\n",
       "      <td>118.4</td>\n",
       "      <td>51.2</td>\n",
       "    </tr>\n",
       "    <tr>\n",
       "      <td>CHICAGO</td>\n",
       "      <td>26.7</td>\n",
       "      <td>86.7</td>\n",
       "      <td>62.7</td>\n",
       "      <td>105.9</td>\n",
       "      <td>51.2</td>\n",
       "    </tr>\n",
       "  </tbody>\n",
       "</table>\n",
       "</div>"
      ],
      "text/plain": [
       "           Bread  Burger  Milk  Oranges  Tomatoes\n",
       "City                                             \n",
       "ATLANTA     24.5    94.5  73.9     80.1      41.6\n",
       "BALTIMORE   26.5    91.0  67.5     74.6      53.3\n",
       "BOSTON      29.7   100.8  61.4    104.0      59.6\n",
       "BUFFALO     22.8    86.6  65.3    118.4      51.2\n",
       "CHICAGO     26.7    86.7  62.7    105.9      51.2"
      ]
     },
     "execution_count": 4,
     "metadata": {},
     "output_type": "execute_result"
    }
   ],
   "source": [
    "import pandas as pd\n",
    "data = pd.read_csv('foodusa.csv', index_col=0)\n",
    "\n",
    "data.head()"
   ]
  },
  {
   "cell_type": "markdown",
   "metadata": {},
   "source": [
    "## Normalize the data\n",
    "\n",
    "Next, normalize your data by subtracting the mean from each of the columns."
   ]
  },
  {
   "cell_type": "code",
   "execution_count": 5,
   "metadata": {
    "ExecuteTime": {
     "end_time": "2020-10-08T15:53:42.426862Z",
     "start_time": "2020-10-08T15:53:42.402760Z"
    }
   },
   "outputs": [
    {
     "data": {
      "text/html": [
       "<div>\n",
       "<style scoped>\n",
       "    .dataframe tbody tr th:only-of-type {\n",
       "        vertical-align: middle;\n",
       "    }\n",
       "\n",
       "    .dataframe tbody tr th {\n",
       "        vertical-align: top;\n",
       "    }\n",
       "\n",
       "    .dataframe thead th {\n",
       "        text-align: right;\n",
       "    }\n",
       "</style>\n",
       "<table border=\"1\" class=\"dataframe\">\n",
       "  <thead>\n",
       "    <tr style=\"text-align: right;\">\n",
       "      <th></th>\n",
       "      <th>Bread</th>\n",
       "      <th>Burger</th>\n",
       "      <th>Milk</th>\n",
       "      <th>Oranges</th>\n",
       "      <th>Tomatoes</th>\n",
       "    </tr>\n",
       "    <tr>\n",
       "      <th>City</th>\n",
       "      <th></th>\n",
       "      <th></th>\n",
       "      <th></th>\n",
       "      <th></th>\n",
       "      <th></th>\n",
       "    </tr>\n",
       "  </thead>\n",
       "  <tbody>\n",
       "    <tr>\n",
       "      <td>ATLANTA</td>\n",
       "      <td>-0.791304</td>\n",
       "      <td>2.643478</td>\n",
       "      <td>11.604348</td>\n",
       "      <td>-22.891304</td>\n",
       "      <td>-7.165217</td>\n",
       "    </tr>\n",
       "    <tr>\n",
       "      <td>BALTIMORE</td>\n",
       "      <td>1.208696</td>\n",
       "      <td>-0.856522</td>\n",
       "      <td>5.204348</td>\n",
       "      <td>-28.391304</td>\n",
       "      <td>4.534783</td>\n",
       "    </tr>\n",
       "    <tr>\n",
       "      <td>BOSTON</td>\n",
       "      <td>4.408696</td>\n",
       "      <td>8.943478</td>\n",
       "      <td>-0.895652</td>\n",
       "      <td>1.008696</td>\n",
       "      <td>10.834783</td>\n",
       "    </tr>\n",
       "    <tr>\n",
       "      <td>BUFFALO</td>\n",
       "      <td>-2.491304</td>\n",
       "      <td>-5.256522</td>\n",
       "      <td>3.004348</td>\n",
       "      <td>15.408696</td>\n",
       "      <td>2.434783</td>\n",
       "    </tr>\n",
       "    <tr>\n",
       "      <td>CHICAGO</td>\n",
       "      <td>1.408696</td>\n",
       "      <td>-5.156522</td>\n",
       "      <td>0.404348</td>\n",
       "      <td>2.908696</td>\n",
       "      <td>2.434783</td>\n",
       "    </tr>\n",
       "  </tbody>\n",
       "</table>\n",
       "</div>"
      ],
      "text/plain": [
       "              Bread    Burger       Milk    Oranges   Tomatoes\n",
       "City                                                          \n",
       "ATLANTA   -0.791304  2.643478  11.604348 -22.891304  -7.165217\n",
       "BALTIMORE  1.208696 -0.856522   5.204348 -28.391304   4.534783\n",
       "BOSTON     4.408696  8.943478  -0.895652   1.008696  10.834783\n",
       "BUFFALO   -2.491304 -5.256522   3.004348  15.408696   2.434783\n",
       "CHICAGO    1.408696 -5.156522   0.404348   2.908696   2.434783"
      ]
     },
     "execution_count": 5,
     "metadata": {},
     "output_type": "execute_result"
    }
   ],
   "source": [
    "data = data - data.mean()\n",
    "data.head()"
   ]
  },
  {
   "cell_type": "markdown",
   "metadata": {},
   "source": [
    "## Calculate the covariance matrix\n",
    "\n",
    "The next step is to calculate the covariance matrix for your normalized data. "
   ]
  },
  {
   "cell_type": "code",
   "execution_count": 7,
   "metadata": {
    "ExecuteTime": {
     "end_time": "2020-10-08T15:54:07.438537Z",
     "start_time": "2020-10-08T15:54:07.416964Z"
    }
   },
   "outputs": [
    {
     "data": {
      "text/plain": [
       "array([[ 1.65628796e+02,  1.53459426e+02, -2.57203025e+00,\n",
       "        -7.59348781e+01, -2.18608129e+01,  4.07244915e+01,\n",
       "        -7.98600520e+01, -7.62231172e+01, -7.46028563e+01,\n",
       "        -6.99662911e+01, -1.49866824e+01,  2.32682958e+01,\n",
       "         8.37080784e+01, -8.62530737e+01, -5.52929650e+01,\n",
       "         1.10157306e+01,  2.85812524e+01, -7.15072259e+01,\n",
       "        -6.07858346e+01,  3.09254045e+01, -8.54887807e+00,\n",
       "         3.79245132e+01,  1.23158709e+02],\n",
       "       [ 1.53459426e+02,  1.97233057e+02,  2.56101002e+01,\n",
       "        -9.03397476e+01, -1.39991824e+01,  2.60341219e+01,\n",
       "        -8.00284216e+01, -1.12873487e+02, -5.81142259e+01,\n",
       "        -1.05876161e+02, -4.49475520e+01,  7.32042628e+00,\n",
       "         9.08802089e+01, -7.04269433e+01, -3.82768346e+01,\n",
       "         2.98243611e+01,  6.64678828e+01, -8.71905955e+01,\n",
       "        -8.15837042e+01,  1.84315350e+01, -1.84792476e+01,\n",
       "         5.16286437e+01,  1.35246339e+02],\n",
       "       [-2.57203025e+00,  2.56101002e+01,  2.51341437e+01,\n",
       "        -2.06072042e+01, -5.16863894e+00,  8.24566541e+00,\n",
       "         8.49621928e-01, -3.13169433e+01,  1.65203176e+01,\n",
       "        -2.16436172e+01, -3.09195085e+01, -1.38755302e+01,\n",
       "         1.00342524e+01,  9.67260019e+00,  1.53802089e+01,\n",
       "         2.98014045e+01,  1.83309263e+01, -6.25505198e+00,\n",
       "        -1.29196607e+01, -1.08814216e+01, -8.92520416e+00,\n",
       "        -8.03581285e+00,  1.35413828e+01],\n",
       "       [-7.59348781e+01, -9.03397476e+01, -2.06072042e+01,\n",
       "         6.29744480e+01,  1.75795132e+01, -3.25281824e+01,\n",
       "         3.36277741e+01,  6.30692089e+01,  1.81354698e+01,\n",
       "         6.49280350e+01,  3.88361437e+01, -1.34187807e+00,\n",
       "        -6.20020955e+01,  3.79302524e+01,  8.73786106e+00,\n",
       "        -3.06534433e+01, -1.59959216e+01,  3.67431002e+01,\n",
       "         3.60739915e+01, -1.66787694e+01,  4.22094802e+00,\n",
       "        -6.42516068e+00, -7.03494650e+01],\n",
       "       [-2.18608129e+01, -1.39991824e+01, -5.16863894e+00,\n",
       "         1.75795132e+01,  1.05815784e+01, -1.87071172e+01,\n",
       "         7.56733932e+00,  1.41352741e+01,  3.18353497e+00,\n",
       "         7.04810019e+00,  1.10007089e+01,  1.71687146e-01,\n",
       "        -1.40485302e+01,  1.00033176e+01,  2.20842628e+00,\n",
       "        -1.50428781e+01,  2.63864367e+00,  4.42516541e+00,\n",
       "         5.83755671e+00, -1.81320416e+00,  2.41451323e+00,\n",
       "         9.53690454e+00, -1.76918998e+01],\n",
       "       [ 4.07244915e+01,  2.60341219e+01,  8.24566541e+00,\n",
       "        -3.25281824e+01, -1.87071172e+01,  3.33321871e+01,\n",
       "        -1.40863563e+01, -2.50654216e+01, -6.92316068e+00,\n",
       "        -1.52245955e+01, -1.91729868e+01,  8.55991493e-01,\n",
       "         2.76457741e+01, -1.99083781e+01, -4.61326938e+00,\n",
       "         2.50704263e+01, -6.22505198e+00, -8.61853025e+00,\n",
       "        -1.04231389e+01,  5.78010019e+00, -2.92118242e+00,\n",
       "        -1.57967911e+01,  3.25254045e+01],\n",
       "       [-7.98600520e+01, -8.00284216e+01,  8.49621928e-01,\n",
       "         3.36277741e+01,  7.56733932e+00, -1.40863563e+01,\n",
       "         4.04581002e+01,  3.83960350e+01,  3.76142958e+01,\n",
       "         3.34238611e+01,  5.68396975e+00, -1.05075520e+01,\n",
       "        -3.69027694e+01,  3.98890784e+01,  2.81291871e+01,\n",
       "        -3.32711720e+00, -2.12655955e+01,  3.76184263e+01,\n",
       "         3.23883176e+01, -1.18599433e+01,  6.41027410e+00,\n",
       "        -2.39998346e+01, -6.02186389e+01],\n",
       "       [-7.62231172e+01, -1.12873487e+02, -3.13169433e+01,\n",
       "         6.30692089e+01,  1.41352741e+01, -2.50654216e+01,\n",
       "         3.83960350e+01,  7.87969698e+01,  1.57892306e+01,\n",
       "         6.74627958e+01,  4.68144045e+01,  6.28338280e+00,\n",
       "        -5.50068346e+01,  2.95090132e+01,  7.05412193e+00,\n",
       "        -4.00671824e+01, -4.10926607e+01,  4.56338611e+01,\n",
       "         4.81542524e+01, -2.49250851e+00,  1.49012089e+01,\n",
       "        -1.40493998e+01, -7.78122042e+01],\n",
       "       [-7.46028563e+01, -5.81142259e+01,  1.65203176e+01,\n",
       "         1.81354698e+01,  3.18353497e+00, -6.92316068e+00,\n",
       "         3.76142958e+01,  1.57892306e+01,  4.48934915e+01,\n",
       "         1.85840567e+01, -1.40823346e+01, -1.84793563e+01,\n",
       "        -2.82795737e+01,  4.28332741e+01,  3.52833828e+01,\n",
       "         1.63820784e+01, -8.18439981e+00,  3.09971219e+01,\n",
       "         2.18065132e+01, -1.83982476e+01, -1.46530246e-01,\n",
       "        -2.80211389e+01, -4.67909433e+01],\n",
       "       [-6.99662911e+01, -1.05876161e+02, -2.16436172e+01,\n",
       "         6.49280350e+01,  7.04810019e+00, -1.52245955e+01,\n",
       "         3.34238611e+01,  6.74627958e+01,  1.85840567e+01,\n",
       "         9.05916219e+01,  4.01347306e+01, -2.96579112e+00,\n",
       "        -7.23060085e+01,  3.92963393e+01,  5.89894802e+00,\n",
       "        -1.71848563e+01, -2.28498346e+01,  4.50166871e+01,\n",
       "         4.08175784e+01, -2.67726824e+01, -1.99296503e+00,\n",
       "        -2.56115737e+01, -7.08083781e+01],\n",
       "       [-1.49866824e+01, -4.49475520e+01, -3.09195085e+01,\n",
       "         3.88361437e+01,  1.10007089e+01, -1.91729868e+01,\n",
       "         5.68396975e+00,  4.68144045e+01, -1.40823346e+01,\n",
       "         4.01347306e+01,  4.27348393e+01,  1.35158176e+01,\n",
       "        -2.85243998e+01,  2.94948015e-01, -1.52424433e+01,\n",
       "        -3.88762476e+01, -1.79447259e+01,  1.35792958e+01,\n",
       "         2.01616871e+01,  4.41092628e+00,  8.19114367e+00,\n",
       "         9.65353497e+00, -3.03152694e+01],\n",
       "       [ 2.32682958e+01,  7.32042628e+00, -1.38755302e+01,\n",
       "        -1.34187807e+00,  1.71687146e-01,  8.55991493e-01,\n",
       "        -1.05075520e+01,  6.28338280e+00, -1.84793563e+01,\n",
       "        -2.96579112e+00,  1.35158176e+01,  1.13497958e+01,\n",
       "         9.88457845e+00, -1.82870737e+01, -1.46694650e+01,\n",
       "        -1.59632694e+01, -8.43624764e+00, -6.48722590e+00,\n",
       "        -7.96834594e-01,  1.35564045e+01,  5.92262193e+00,\n",
       "         1.02095132e+01,  9.47170888e+00],\n",
       "       [ 8.37080784e+01,  9.08802089e+01,  1.00342524e+01,\n",
       "        -6.20020955e+01, -1.40485302e+01,  2.76457741e+01,\n",
       "        -3.69027694e+01, -5.50068346e+01, -2.82795737e+01,\n",
       "        -7.23060085e+01, -2.85243998e+01,  9.88457845e+00,\n",
       "         7.02993611e+01, -4.90022911e+01, -1.58646824e+01,\n",
       "         1.39065132e+01,  7.10853497e+00, -3.96174433e+01,\n",
       "        -3.38870520e+01,  3.03311871e+01,  3.86740454e+00,\n",
       "         1.65092958e+01,  7.12664915e+01],\n",
       "       [-8.62530737e+01, -7.04269433e+01,  9.67260019e+00,\n",
       "         3.79302524e+01,  1.00033176e+01, -1.99083781e+01,\n",
       "         3.98890784e+01,  2.95090132e+01,  4.28332741e+01,\n",
       "         3.92963393e+01,  2.94948015e-01, -1.82870737e+01,\n",
       "        -4.90022911e+01,  5.13730567e+01,  3.13356654e+01,\n",
       "         6.03436106e+00, -1.92461720e+00,  3.46044045e+01,\n",
       "         2.56162958e+01, -2.73234650e+01, -3.49674764e+00,\n",
       "        -2.20213563e+01, -5.97486607e+01],\n",
       "       [-5.52929650e+01, -3.82768346e+01,  1.53802089e+01,\n",
       "         8.73786106e+00,  2.20842628e+00, -4.61326938e+00,\n",
       "         2.81291871e+01,  7.05412193e+00,  3.52833828e+01,\n",
       "         5.89894802e+00, -1.52424433e+01, -1.46694650e+01,\n",
       "        -1.58646824e+01,  3.13356654e+01,  2.86832741e+01,\n",
       "         1.43694698e+01, -5.28950851e+00,  2.13945132e+01,\n",
       "         1.44339045e+01, -1.17758563e+01,  6.93361059e-01,\n",
       "        -2.03487476e+01, -3.22285520e+01],\n",
       "       [ 1.10157306e+01,  2.98243611e+01,  2.98014045e+01,\n",
       "        -3.06534433e+01, -1.50428781e+01,  2.50704263e+01,\n",
       "        -3.32711720e+00, -4.00671824e+01,  1.63820784e+01,\n",
       "        -1.71848563e+01, -3.88762476e+01, -1.59632694e+01,\n",
       "         1.39065132e+01,  6.03436106e+00,  1.43694698e+01,\n",
       "         4.55556654e+01,  1.67191871e+01, -6.21929112e+00,\n",
       "        -1.56273998e+01, -1.52371607e+01, -1.37079433e+01,\n",
       "        -2.07550520e+01,  2.39826437e+01],\n",
       "       [ 2.85812524e+01,  6.64678828e+01,  1.83309263e+01,\n",
       "        -1.59959216e+01,  2.63864367e+00, -6.22505198e+00,\n",
       "        -2.12655955e+01, -4.10926607e+01, -8.18439981e+00,\n",
       "        -2.28498346e+01, -1.79447259e+01, -8.43624764e+00,\n",
       "         7.10853497e+00, -1.92461720e+00, -5.28950851e+00,\n",
       "         1.67191871e+01,  4.59107089e+01, -2.81702694e+01,\n",
       "        -3.11103781e+01, -1.51986389e+01, -1.74134216e+01,\n",
       "         2.07964698e+01,  3.45476654e+01],\n",
       "       [-7.15072259e+01, -8.71905955e+01, -6.25505198e+00,\n",
       "         3.67431002e+01,  4.42516541e+00, -8.61853025e+00,\n",
       "         3.76184263e+01,  4.56338611e+01,  3.09971219e+01,\n",
       "         4.50166871e+01,  1.35792958e+01, -6.48722590e+00,\n",
       "        -3.96174433e+01,  3.46044045e+01,  2.13945132e+01,\n",
       "        -6.21929112e+00, -2.81702694e+01,  3.98287524e+01,\n",
       "         3.55761437e+01, -1.08571172e+01,  6.70560019e+00,\n",
       "        -2.74295085e+01, -5.97708129e+01],\n",
       "       [-6.07858346e+01, -8.15837042e+01, -1.29196607e+01,\n",
       "         3.60739915e+01,  5.83755671e+00, -1.04231389e+01,\n",
       "         3.23883176e+01,  4.81542524e+01,  2.18065132e+01,\n",
       "         4.08175784e+01,  2.01616871e+01, -7.96834594e-01,\n",
       "        -3.38870520e+01,  2.56162958e+01,  1.44339045e+01,\n",
       "        -1.56273998e+01, -3.11103781e+01,  3.55761437e+01,\n",
       "         3.44965350e+01, -3.31272590e+00,  1.01434915e+01,\n",
       "        -2.00046172e+01, -5.50549216e+01],\n",
       "       [ 3.09254045e+01,  1.84315350e+01, -1.08814216e+01,\n",
       "        -1.66787694e+01, -1.81320416e+00,  5.78010019e+00,\n",
       "        -1.18599433e+01, -2.49250851e+00, -1.83982476e+01,\n",
       "        -2.67726824e+01,  4.41092628e+00,  1.35564045e+01,\n",
       "         3.03311871e+01, -2.73234650e+01, -1.17758563e+01,\n",
       "        -1.52371607e+01, -1.51986389e+01, -1.08571172e+01,\n",
       "        -3.31272590e+00,  2.65650132e+01,  1.25442306e+01,\n",
       "         1.16046219e+01,  1.84523176e+01],\n",
       "       [-8.54887807e+00, -1.84792476e+01, -8.92520416e+00,\n",
       "         4.22094802e+00,  2.41451323e+00, -2.92118242e+00,\n",
       "         6.41027410e+00,  1.49012089e+01, -1.46530246e-01,\n",
       "        -1.99296503e+00,  8.19114367e+00,  5.92262193e+00,\n",
       "         3.86740454e+00, -3.49674764e+00,  6.93361059e-01,\n",
       "        -1.37079433e+01, -1.74134216e+01,  6.70560019e+00,\n",
       "         1.01434915e+01,  1.25442306e+01,  1.03304480e+01,\n",
       "         2.57339319e-01, -1.09704650e+01],\n",
       "       [ 3.79245132e+01,  5.16286437e+01, -8.03581285e+00,\n",
       "        -6.42516068e+00,  9.53690454e+00, -1.57967911e+01,\n",
       "        -2.39998346e+01, -1.40493998e+01, -2.80211389e+01,\n",
       "        -2.56115737e+01,  9.65353497e+00,  1.02095132e+01,\n",
       "         1.65092958e+01, -2.20213563e+01, -2.03487476e+01,\n",
       "        -2.07550520e+01,  2.07964698e+01, -2.74295085e+01,\n",
       "        -2.00046172e+01,  1.16046219e+01,  2.57339319e-01,\n",
       "         3.67072306e+01,  2.76709263e+01],\n",
       "       [ 1.23158709e+02,  1.35246339e+02,  1.35413828e+01,\n",
       "        -7.03494650e+01, -1.76918998e+01,  3.25254045e+01,\n",
       "        -6.02186389e+01, -7.78122042e+01, -4.67909433e+01,\n",
       "        -7.08083781e+01, -3.03152694e+01,  9.47170888e+00,\n",
       "         7.12664915e+01, -5.97486607e+01, -3.22285520e+01,\n",
       "         2.39826437e+01,  3.45476654e+01, -5.97708129e+01,\n",
       "        -5.50549216e+01,  1.84523176e+01, -1.09704650e+01,\n",
       "         2.76709263e+01,  1.01896622e+02]])"
      ]
     },
     "execution_count": 7,
     "metadata": {},
     "output_type": "execute_result"
    }
   ],
   "source": [
    "import numpy as np\n",
    "cov_mat = np.cov(data)\n",
    "cov_mat"
   ]
  },
  {
   "cell_type": "code",
   "execution_count": 9,
   "metadata": {
    "ExecuteTime": {
     "end_time": "2020-10-08T15:54:44.825422Z",
     "start_time": "2020-10-08T15:54:44.811901Z"
    }
   },
   "outputs": [
    {
     "data": {
      "text/html": [
       "<div>\n",
       "<style scoped>\n",
       "    .dataframe tbody tr th:only-of-type {\n",
       "        vertical-align: middle;\n",
       "    }\n",
       "\n",
       "    .dataframe tbody tr th {\n",
       "        vertical-align: top;\n",
       "    }\n",
       "\n",
       "    .dataframe thead th {\n",
       "        text-align: right;\n",
       "    }\n",
       "</style>\n",
       "<table border=\"1\" class=\"dataframe\">\n",
       "  <thead>\n",
       "    <tr style=\"text-align: right;\">\n",
       "      <th></th>\n",
       "      <th>Bread</th>\n",
       "      <th>Burger</th>\n",
       "      <th>Milk</th>\n",
       "      <th>Oranges</th>\n",
       "      <th>Tomatoes</th>\n",
       "    </tr>\n",
       "  </thead>\n",
       "  <tbody>\n",
       "    <tr>\n",
       "      <td>Bread</td>\n",
       "      <td>6.284466</td>\n",
       "      <td>12.910968</td>\n",
       "      <td>5.719051</td>\n",
       "      <td>1.310375</td>\n",
       "      <td>7.285138</td>\n",
       "    </tr>\n",
       "    <tr>\n",
       "      <td>Burger</td>\n",
       "      <td>12.910968</td>\n",
       "      <td>57.077115</td>\n",
       "      <td>17.507530</td>\n",
       "      <td>22.691877</td>\n",
       "      <td>36.294783</td>\n",
       "    </tr>\n",
       "    <tr>\n",
       "      <td>Milk</td>\n",
       "      <td>5.719051</td>\n",
       "      <td>17.507530</td>\n",
       "      <td>48.305889</td>\n",
       "      <td>-0.275040</td>\n",
       "      <td>13.443478</td>\n",
       "    </tr>\n",
       "    <tr>\n",
       "      <td>Oranges</td>\n",
       "      <td>1.310375</td>\n",
       "      <td>22.691877</td>\n",
       "      <td>-0.275040</td>\n",
       "      <td>202.756285</td>\n",
       "      <td>38.762411</td>\n",
       "    </tr>\n",
       "    <tr>\n",
       "      <td>Tomatoes</td>\n",
       "      <td>7.285138</td>\n",
       "      <td>36.294783</td>\n",
       "      <td>13.443478</td>\n",
       "      <td>38.762411</td>\n",
       "      <td>57.800553</td>\n",
       "    </tr>\n",
       "  </tbody>\n",
       "</table>\n",
       "</div>"
      ],
      "text/plain": [
       "              Bread     Burger       Milk     Oranges   Tomatoes\n",
       "Bread      6.284466  12.910968   5.719051    1.310375   7.285138\n",
       "Burger    12.910968  57.077115  17.507530   22.691877  36.294783\n",
       "Milk       5.719051  17.507530  48.305889   -0.275040  13.443478\n",
       "Oranges    1.310375  22.691877  -0.275040  202.756285  38.762411\n",
       "Tomatoes   7.285138  36.294783  13.443478   38.762411  57.800553"
      ]
     },
     "execution_count": 9,
     "metadata": {},
     "output_type": "execute_result"
    }
   ],
   "source": [
    "cov_mat = data.cov()\n",
    "cov_mat"
   ]
  },
  {
   "cell_type": "markdown",
   "metadata": {},
   "source": [
    "## Calculate the eigenvectors\n",
    "\n",
    "Next, calculate the eigenvectors and eigenvalues for your covariance matrix. "
   ]
  },
  {
   "cell_type": "code",
   "execution_count": 10,
   "metadata": {
    "ExecuteTime": {
     "end_time": "2020-10-08T15:55:19.298588Z",
     "start_time": "2020-10-08T15:55:19.282366Z"
    }
   },
   "outputs": [],
   "source": [
    "import numpy as np\n",
    "eig_values, eig_vectors = np.linalg.eig(cov_mat)"
   ]
  },
  {
   "cell_type": "markdown",
   "metadata": {},
   "source": [
    "## Sort the eigenvectors \n",
    "\n",
    "Great! Now that you have the eigenvectors and their associated eigenvalues, sort the eigenvectors based on their eigenvalues to determine primary components!"
   ]
  },
  {
   "cell_type": "code",
   "execution_count": 11,
   "metadata": {
    "ExecuteTime": {
     "end_time": "2020-10-08T15:55:50.871981Z",
     "start_time": "2020-10-08T15:55:50.866765Z"
    }
   },
   "outputs": [
    {
     "data": {
      "text/plain": [
       "array([[-0.02848905, -0.16532108,  0.02135748, -0.18972574, -0.96716354],\n",
       "       [-0.2001224 , -0.63218494,  0.25420475, -0.65862454,  0.24877074],\n",
       "       [-0.0416723 , -0.44215032, -0.88874949,  0.10765906,  0.03606094],\n",
       "       [-0.93885906,  0.31435473, -0.12135003, -0.06904699, -0.01521357],\n",
       "       [-0.27558389, -0.52791603,  0.36100184,  0.71684022, -0.03429221]])"
      ]
     },
     "execution_count": 11,
     "metadata": {},
     "output_type": "execute_result"
    }
   ],
   "source": [
    "# Get the index values of the sorted eigenvalues\n",
    "e_indices = np.argsort(eig_values)[::-1]\n",
    "\n",
    "# Sort \n",
    "eigenvectors_sorted = eig_vectors[:,e_indices]\n",
    "eigenvectors_sorted"
   ]
  },
  {
   "cell_type": "markdown",
   "metadata": {},
   "source": [
    "## Reprojecting the data\n",
    "\n",
    "Finally, reproject the dataset using your eigenvectors. Reproject this dataset down to 2 dimensions."
   ]
  },
  {
   "cell_type": "code",
   "execution_count": 17,
   "metadata": {
    "ExecuteTime": {
     "end_time": "2020-10-08T15:57:04.453663Z",
     "start_time": "2020-10-08T15:57:04.442301Z"
    }
   },
   "outputs": [
    {
     "data": {
      "text/html": [
       "<div>\n",
       "<style scoped>\n",
       "    .dataframe tbody tr th:only-of-type {\n",
       "        vertical-align: middle;\n",
       "    }\n",
       "\n",
       "    .dataframe tbody tr th {\n",
       "        vertical-align: top;\n",
       "    }\n",
       "\n",
       "    .dataframe thead th {\n",
       "        text-align: right;\n",
       "    }\n",
       "</style>\n",
       "<table border=\"1\" class=\"dataframe\">\n",
       "  <thead>\n",
       "    <tr style=\"text-align: right;\">\n",
       "      <th></th>\n",
       "      <th>PC1</th>\n",
       "      <th>PC2</th>\n",
       "    </tr>\n",
       "  </thead>\n",
       "  <tbody>\n",
       "    <tr>\n",
       "      <td>0</td>\n",
       "      <td>11.106367</td>\n",
       "      <td>14.731349</td>\n",
       "    </tr>\n",
       "    <tr>\n",
       "      <td>1</td>\n",
       "      <td>1.219003</td>\n",
       "      <td>21.449894</td>\n",
       "    </tr>\n",
       "    <tr>\n",
       "      <td>2</td>\n",
       "      <td>-12.293656</td>\n",
       "      <td>-4.732865</td>\n",
       "    </tr>\n",
       "    <tr>\n",
       "      <td>3</td>\n",
       "      <td>-4.274105</td>\n",
       "      <td>-4.957463</td>\n",
       "    </tr>\n",
       "    <tr>\n",
       "      <td>4</td>\n",
       "      <td>-2.085702</td>\n",
       "      <td>1.770715</td>\n",
       "    </tr>\n",
       "    <tr>\n",
       "      <td>5</td>\n",
       "      <td>2.023230</td>\n",
       "      <td>-4.831307</td>\n",
       "    </tr>\n",
       "    <tr>\n",
       "      <td>6</td>\n",
       "      <td>0.765140</td>\n",
       "      <td>-5.782419</td>\n",
       "    </tr>\n",
       "    <tr>\n",
       "      <td>7</td>\n",
       "      <td>5.019903</td>\n",
       "      <td>-7.083027</td>\n",
       "    </tr>\n",
       "    <tr>\n",
       "      <td>8</td>\n",
       "      <td>-5.289636</td>\n",
       "      <td>-7.185603</td>\n",
       "    </tr>\n",
       "    <tr>\n",
       "      <td>9</td>\n",
       "      <td>-20.294912</td>\n",
       "      <td>-21.807328</td>\n",
       "    </tr>\n",
       "    <tr>\n",
       "      <td>10</td>\n",
       "      <td>6.659848</td>\n",
       "      <td>1.940003</td>\n",
       "    </tr>\n",
       "    <tr>\n",
       "      <td>11</td>\n",
       "      <td>6.311287</td>\n",
       "      <td>2.489291</td>\n",
       "    </tr>\n",
       "    <tr>\n",
       "      <td>12</td>\n",
       "      <td>14.121272</td>\n",
       "      <td>10.530503</td>\n",
       "    </tr>\n",
       "    <tr>\n",
       "      <td>13</td>\n",
       "      <td>-6.303608</td>\n",
       "      <td>-4.258464</td>\n",
       "    </tr>\n",
       "    <tr>\n",
       "      <td>14</td>\n",
       "      <td>-2.701193</td>\n",
       "      <td>-4.221704</td>\n",
       "    </tr>\n",
       "    <tr>\n",
       "      <td>15</td>\n",
       "      <td>-17.391014</td>\n",
       "      <td>-11.469437</td>\n",
       "    </tr>\n",
       "    <tr>\n",
       "      <td>16</td>\n",
       "      <td>-11.519778</td>\n",
       "      <td>7.502795</td>\n",
       "    </tr>\n",
       "    <tr>\n",
       "      <td>17</td>\n",
       "      <td>-3.850462</td>\n",
       "      <td>-12.114004</td>\n",
       "    </tr>\n",
       "    <tr>\n",
       "      <td>18</td>\n",
       "      <td>0.027427</td>\n",
       "      <td>-9.578903</td>\n",
       "    </tr>\n",
       "    <tr>\n",
       "      <td>19</td>\n",
       "      <td>16.089301</td>\n",
       "      <td>7.155854</td>\n",
       "    </tr>\n",
       "    <tr>\n",
       "      <td>20</td>\n",
       "      <td>7.924954</td>\n",
       "      <td>0.766674</td>\n",
       "    </tr>\n",
       "    <tr>\n",
       "      <td>21</td>\n",
       "      <td>8.407963</td>\n",
       "      <td>16.303338</td>\n",
       "    </tr>\n",
       "    <tr>\n",
       "      <td>22</td>\n",
       "      <td>6.328374</td>\n",
       "      <td>13.382107</td>\n",
       "    </tr>\n",
       "  </tbody>\n",
       "</table>\n",
       "</div>"
      ],
      "text/plain": [
       "          PC1        PC2\n",
       "0   11.106367  14.731349\n",
       "1    1.219003  21.449894\n",
       "2  -12.293656  -4.732865\n",
       "3   -4.274105  -4.957463\n",
       "4   -2.085702   1.770715\n",
       "5    2.023230  -4.831307\n",
       "6    0.765140  -5.782419\n",
       "7    5.019903  -7.083027\n",
       "8   -5.289636  -7.185603\n",
       "9  -20.294912 -21.807328\n",
       "10   6.659848   1.940003\n",
       "11   6.311287   2.489291\n",
       "12  14.121272  10.530503\n",
       "13  -6.303608  -4.258464\n",
       "14  -2.701193  -4.221704\n",
       "15 -17.391014 -11.469437\n",
       "16 -11.519778   7.502795\n",
       "17  -3.850462 -12.114004\n",
       "18   0.027427  -9.578903\n",
       "19  16.089301   7.155854\n",
       "20   7.924954   0.766674\n",
       "21   8.407963  16.303338\n",
       "22   6.328374  13.382107"
      ]
     },
     "execution_count": 17,
     "metadata": {},
     "output_type": "execute_result"
    }
   ],
   "source": [
    "transformed = eigenvectors_sorted[:2].dot(data.T).T\n",
    "pd.DataFrame(transformed, columns=['PC1', 'PC2'])"
   ]
  },
  {
   "cell_type": "markdown",
   "metadata": {},
   "source": [
    "## Summary\n",
    "\n",
    "Well done! You've now coded PCA on your own using NumPy! With that, it's time to look at further applications of PCA."
   ]
  }
 ],
 "metadata": {
  "kernelspec": {
   "display_name": "Python 3",
   "language": "python",
   "name": "python3"
  },
  "language_info": {
   "codemirror_mode": {
    "name": "ipython",
    "version": 3
   },
   "file_extension": ".py",
   "mimetype": "text/x-python",
   "name": "python",
   "nbconvert_exporter": "python",
   "pygments_lexer": "ipython3",
   "version": "3.6.9"
  },
  "toc": {
   "base_numbering": 1,
   "nav_menu": {},
   "number_sections": true,
   "sideBar": true,
   "skip_h1_title": false,
   "title_cell": "Table of Contents",
   "title_sidebar": "Contents",
   "toc_cell": false,
   "toc_position": {},
   "toc_section_display": true,
   "toc_window_display": false
  }
 },
 "nbformat": 4,
 "nbformat_minor": 2
}
